99 95 0 5 0 76 24
199 98 0 2 0 81 19
299 99 0 1 0 82 18
399 97 0 3 0 84 16
499 97 0 3 0 69 31
599 95 0 5 0 73 27
699 95 0 5 0 79 21
799 93 0 7 0 71 29
899 96 0 4 0 72 28
999 93 0 7 0 66 34
1099 90 0 10 0 68 32
1199 85 0 15 0 65 35
1299 83 0 17 0 65 35
1399 84 0 16 0 50 50
1499 90 0 10 0 40 60
1599 85 0 15 0 45 55
1699 81 0 19 0 61 39
1799 82 0 18 0 58 42
1899 93 0 7 0 54 46
1999 87 0 13 0 63 37
2099 91 0 9 0 59 41
2199 90 0 10 0 55 45
2299 81 0 19 0 62 38
2399 85 0 15 0 71 29
2499 91 0 9 0 54 46
2599 77 0 23 0 59 41
2699 86 0 14 0 23 77
2799 84 0 16 0 31 69
2899 95 0 5 0 31 69
2999 86 0 14 0 28 72
3099 81 0 19 0 40 60
3199 87 0 13 0 22 78
3299 92 0 8 0 13 87
3399 85 0 15 0 13 87
3499 95 0 5 0 22 78
3599 82 0 18 0 11 89
3699 85 0 15 0 21 79
3799 80 0 20 0 10 90
3899 78 0 22 0 18 82
3999 86 0 14 0 8 92
4099 86 0 14 0 13 87
4199 87 0 13 0 7 93
4299 83 0 17 0 8 92
4399 90 0 10 0 17 83
4499 90 0 10 0 9 91
4599 77 0 23 0 6 94
4699 84 0 16 0 6 94
4799 81 0 19 0 8 92
4899 80 0 20 0 13 87
4999 83 0 17 0 9 91
5099 84 0 16 0 9 91
5199 81 0 19 0 4 96
5299 78 0 22 0 11 89
5399 85 0 15 0 14 86
5499 83 0 17 0 9 91
5599 83 0 17 0 8 92
5699 77 0 23 0 12 88
5799 94 0 6 0 14 86
5899 90 0 10 0 11 89
5999 86 0 14 0 7 93
6099 88 0 12 0 10 90
6199 85 0 15 0 7 93
6299 85 0 15 0 6 94
6399 91 0 9 0 9 91
6499 99 0 1 0 61 39
6599 99 0 1 0 67 33
6699 98 0 2 0 63 37
6799 99 0 1 0 62 38
6899 97 0 3 0 59 41
6999 95 0 5 0 63 37
7099 98 0 2 0 65 35
7199 98 0 2 0 63 37
7299 96 0 4 0 66 34
7399 95 0 5 0 70 30
7499 97 0 3 0 74 26
7599 99 0 1 0 67 33
7699 94 0 6 0 33 67
7799 96 0 4 0 22 78
7899 93 0 7 0 20 80
7999 96 0 4 0 29 71
8099 97 0 3 0 28 72
8199 96 0 4 0 27 73
8299 91 0 9 0 22 78
8399 95 0 5 0 26 74
8499 96 0 4 0 28 72
8599 94 0 6 0 18 82
8699 96 0 4 0 26 74
8799 93 0 7 0 17 83
8899 93 0 7 0 25 75
8999 95 0 5 0 22 78
9099 91 0 9 0 27 73
9199 93 0 7 0 27 73
9299 95 0 5 0 27 73
9399 92 0 8 0 22 78
9499 95 0 5 0 21 79
9599 90 0 10 0 21 79
9699 92 0 8 0 26 74
9799 91 0 9 0 19 81
9899 93 0 7 0 31 69
9999 85 0 15 0 20 80
10099 85 0 15 0 32 68
10199 92 0 8 0 29 71
10299 82 0 18 0 19 81
10399 86 0 14 0 31 69
10499 80 0 20 0 27 73
10599 78 0 22 0 21 79
10699 85 0 15 0 14 86
10799 93 0 7 0 16 84
10899 83 0 17 0 30 70
10999 88 0 12 0 16 84
11099 83 0 17 0 24 76
11199 80 0 20 0 18 82
11299 82 0 18 0 27 73
11399 80 0 20 0 19 81
11499 80 0 20 0 30 70
11599 84 0 16 0 22 78
11699 83 0 17 0 32 68
11799 89 0 11 0 18 82
11899 79 0 21 0 29 71
11999 80 0 20 0 14 86
12099 86 0 14 0 0 100
12199 89 0 11 0 0 100
12299 79 0 21 0 0 100
12399 81 0 19 0 0 100
12499 82 0 18 0 0 100
12599 79 0 21 0 0 100
12699 76 0 24 0 0 100
12799 76 0 24 0 0 100
12899 81 0 19 0 68 32
12999 76 0 24 0 70 30
13099 73 0 27 0 76 24
13199 73 0 27 0 80 20
13299 75 0 25 0 66 34
13399 71 0 29 0 20 80
13499 70 0 30 0 0 100
13599 78 0 22 0 0 100
13699 80 0 20 0 0 100
13799 80 0 20 0 11 89
13899 72 0 28 0 0 100
13999 78 0 22 0 0 100
14099 74 0 26 0 26 74
14199 75 0 25 0 0 100
14299 72 0 28 0 0 100
14399 62 0 38 0 0 100
14499 78 0 22 0 0 100
14599 75 0 25 0 0 100
14699 68 0 32 0 0 100
14799 69 0 31 0 0 100
14899 74 0 26 0 0 100
14999 70 0 30 0 0 100
15099 82 0 18 0 0 100
15199 72 0 28 0 0 100
15299 70 0 30 0 18 82
15399 61 0 39 0 0 100
15499 76 0 24 0 0 100
15599 73 0 27 0 0 100
15699 79 0 21 0 0 100
15799 76 0 24 0 0 100
15899 78 0 22 0 0 100
15999 66 0 34 0 0 100
16099 79 0 21 0 0 100
16199 77 0 23 0 0 100
16299 75 0 25 0 0 100
16399 78 0 22 0 0 100
16499 80 0 20 0 0 100
16599 83 0 17 0 0 100
16699 77 0 23 0 0 100
16799 76 0 24 0 0 100
16899 77 0 23 0 0 100
16999 76 0 24 0 0 100
17099 84 0 16 0 0 100
17199 81 0 19 0 0 100
17299 71 0 29 0 0 100
17399 80 0 20 0 0 100
17499 85 0 15 0 0 100
17599 80 0 20 0 0 100
17699 92 0 8 0 0 100
17799 82 0 18 0 0 100
17899 83 0 17 0 0 100
17999 83 0 17 0 0 100
18099 81 0 19 0 0 100
18199 81 0 19 0 0 100
18299 81 0 19 0 0 100
18399 79 0 21 0 0 100
18499 80 0 20 0 0 100
18599 86 0 14 0 0 100
18699 76 0 24 0 0 100
18799 83 0 17 0 0 100
18899 76 0 24 0 0 100
18999 80 0 20 0 0 100
19099 79 0 21 0 0 100
19199 75 0 25 0 0 100
19299 68 0 32 0 0 100
19399 65 0 35 0 0 100
19499 76 0 24 0 0 100
19599 66 0 34 0 0 100
19699 76 0 24 0 0 100
19799 78 0 22 0 0 100
19899 79 0 21 0 0 100
19999 70 0 30 0 0 100
20099 82 0 18 0 0 100
20199 78 0 22 0 0 100
20299 84 0 16 0 0 100
20399 81 0 19 0 0 100
20499 78 0 22 0 0 100
20599 69 0 31 0 0 100
20699 84 0 16 0 0 100
20799 80 0 20 0 0 100
20899 65 0 35 0 13 87
20999 66 0 34 0 12 88
21099 81 0 19 0 0 100
21199 76 0 24 0 0 100
21299 72 0 28 0 0 100
21399 71 0 29 0 0 100
21499 79 0 21 0 0 100
21599 76 0 24 0 0 100
21699 82 0 18 0 0 100
21799 74 0 26 0 0 100
21899 75 0 25 0 0 100
21999 75 0 25 0 0 100
22099 76 0 24 0 0 100
22199 73 0 27 0 0 100
22299 77 0 23 0 0 100
22399 68 0 32 0 0 100
22499 68 0 32 0 0 100
22599 76 0 24 0 0 100
22699 58 0 42 0 0 100
22799 65 0 35 0 0 100
22899 70 0 30 0 0 100
22999 68 0 32 0 0 100
23099 64 0 36 0 100 0
23199 57 0 43 0 0 100
23299 64 0 36 0 0 100
23399 69 0 31 0 8 92
23499 76 0 24 0 0 100
23599 71 0 29 0 0 100
23699 76 0 24 0 0 100
23799 83 0 17 0 0 100
23899 76 0 24 0 0 100
23999 79 0 21 0 0 100
24099 81 0 19 0 0 100
24199 76 0 24 0 0 100
24299 79 0 21 0 0 100
24399 82 0 18 0 0 100
24499 68 0 32 0 100 0
24599 76 0 24 0 0 100
24699 68 0 32 0 0 100
24799 64 0 36 0 0 100
24899 65 0 35 0 0 100
24999 71 0 29 0 0 100
25099 78 0 22 0 0 100
25199 71 0 29 0 0 100
25299 82 0 18 0 0 100
25399 64 0 36 0 0 100
25499 82 0 18 0 0 100
25599 63 0 37 0 0 100
25699 90 0 10 0 0 100
25799 75 0 25 0 0 100
25899 80 0 20 0 0 100
25999 87 0 13 0 0 100
26099 77 0 23 0 0 100
26199 86 0 14 0 0 100
26299 79 0 21 0 0 100
26399 67 0 33 0 100 0
26499 68 0 32 0 0 100
26599 60 0 40 0 7 93
26699 63 0 37 0 0 100
26799 60 0 40 0 0 100
26899 64 0 36 0 0 100
26999 70 0 30 0 0 100
27099 80 0 20 0 0 100
27199 77 0 23 0 0 100
27299 75 0 25 0 0 100
27399 61 0 39 0 0 100
27499 58 0 42 0 0 100
27599 55 0 45 0 0 100
27699 60 0 40 0 0 100
27799 57 0 43 0 0 100
27899 70 0 30 0 0 100
27999 70 0 30 0 0 100
28099 70 0 30 0 0 100
28199 63 0 37 0 0 100
28299 61 0 39 0 0 100
28399 61 0 39 0 0 100
28499 61 0 39 0 0 100
28599 62 0 38 0 0 100
28699 68 0 32 0 0 100
28799 55 0 45 0 0 100
28899 61 0 39 0 0 100
28999 61 0 39 0 0 100
29099 58 0 42 0 0 100
29199 67 0 33 0 0 100
29299 64 0 36 0 0 100
29399 63 0 37 0 0 100
29499 75 0 25 0 0 100
29599 65 0 35 0 0 100
29699 61 0 39 0 31 69
29799 55 0 45 0 0 100
29899 52 0 48 0 0 100
29999 65 0 35 0 0 100
30099 55 0 45 0 0 100
30199 59 0 41 0 0 100
30299 43 0 57 0 0 100
30399 61 0 39 0 46 54
30499 59 0 41 0 39 61
30599 60 0 40 0 34 66
30699 57 0 43 0 6 94
30799 59 0 41 0 9 91
30899 70 0 30 0 8 92
30999 68 0 32 0 6 94
31099 71 0 29 0 0 100
31199 66 0 34 0 0 100
31299 61 0 39 0 0 100
31399 68 0 32 0 0 100
31499 83 0 17 0 0 100
31599 85 0 15 0 0 100
31699 71 0 29 0 0 100
31799 73 0 27 0 0 100
31899 70 0 30 0 0 100
31999 81 0 19 0 0 100
32099 67 0 33 0 0 100
32199 74 0 26 0 45 55
32299 64 0 36 0 35 65
32399 70 0 30 0 44 56
32499 75 0 25 0 0 100
32599 65 0 35 0 0 100
32699 77 0 23 0 0 100
32799 77 0 23 0 43 57
32899 75 0 25 0 11 89
32999 74 0 26 0 42 58
33099 70 0 30 0 30 70
33199 70 0 30 0 35 65
33299 78 0 22 0 33 67
33399 73 0 27 0 29 71
33499 76 0 24 0 34 66
33599 71 0 29 0 30 70
33699 85 0 15 0 24 76
33799 81 0 19 0 29 71
33899 84 0 16 0 22 78
33999 80 0 20 0 29 71
34099 89 0 11 0 0 100
34199 72 0 28 0 34 66
34299 67 0 33 0 11 89
34399 67 0 33 0 13 87
34499 73 0 27 0 18 82
34599 74 0 26 0 0 100
34699 73 0 27 0 0 100
34799 76 0 24 0 0 100
34899 76 0 24 0 0 100
34999 76 0 24 0 0 100
35099 82 0 18 0 0 100
35199 78 0 22 0 0 100
35299 71 0 29 0 0 100
35399 83 0 17 0 0 100
35499 80 0 20 0 0 100
35599 87 0 13 0 0 100
35699 76 0 24 0 0 100
35799 80 0 20 0 0 100
35899 93 0 7 0 0 100
35999 67 0 33 0 0 100
36099 65 0 35 0 0 100
36199 74 0 26 0 49 51
36299 76 0 24 0 0 100
36399 67 0 33 0 0 100
36499 66 0 34 0 0 100
36599 60 0 40 0 0 100
36699 68 0 32 0 0 100
36799 82 0 18 0 0 100
36899 72 0 28 0 0 100
36999 62 0 38 0 0 100
37099 61 0 39 0 0 100
37199 74 0 26 0 0 100
37299 60 0 40 0 0 100
37399 75 0 25 0 0 100
37499 71 0 29 0 0 100
37599 73 0 27 0 0 100
37699 59 0 41 0 0 100
37799 49 0 51 0 8 92
37899 65 0 35 0 0 100
37999 66 0 34 0 0 100
38099 69 0 31 0 0 100
38199 57 0 43 0 0 100
38299 56 0 44 0 9 91
38399 67 0 33 0 31 69
38499 60 0 40 0 22 78
38599 68 0 32 0 0 100
38699 59 0 41 0 0 100
38799 61 0 39 0 0 100
38899 50 0 50 0 0 100
38999 70 0 30 0 0 100
39099 66 0 34 0 0 100
39199 67 0 33 0 0 100
39299 73 0 27 0 0 100
39399 57 0 43 0 0 100
39499 53 0 47 0 0 100
39599 59 0 41 0 0 100
39699 51 0 49 0 0 100
39799 65 0 35 0 0 100
39899 55 0 45 0 0 100
39999 59 0 41 0 0 100
40099 64 0 36 0 0 100
40199 60 0 40 0 0 100
40299 68 0 32 0 0 100
40399 75 0 25 0 0 100
40499 67 0 33 0 0 100
40599 81 0 19 0 0 100
40699 61 0 39 0 0 100
40799 69 0 31 0 0 100
40899 80 0 20 0 0 100
40999 72 0 28 0 0 100
41099 62 0 38 0 13 87
41199 67 0 33 0 0 100
41299 65 0 35 0 11 89
41399 57 0 43 0 0 100
41499 66 0 34 0 0 100
41599 59 0 41 0 0 100
41699 55 0 45 0 0 100
41799 61 0 39 0 0 100
41899 72 0 28 0 0 100
41999 62 0 38 0 0 100
42099 64 0 36 0 0 100
42199 67 0 33 0 0 100
42299 65 0 35 0 0 100
42399 72 0 28 0 0 100
42499 56 0 44 0 0 100
42599 67 0 33 0 0 100
42699 78 0 22 0 0 100
42799 76 0 24 0 0 100
42899 69 0 31 0 0 100
42999 80 0 20 0 0 100
43099 65 0 35 0 0 100
43199 70 0 30 0 0 100
43299 70 0 30 0 0 100
43399 66 0 34 0 37 63
43499 56 0 44 0 33 67
43599 63 0 37 0 5 95
43699 54 0 46 0 0 100
43799 73 0 27 0 0 100
43899 73 0 27 0 0 100
43999 61 0 39 0 0 100
44099 69 0 31 0 0 100
44199 65 0 35 0 0 100
44299 67 0 33 0 0 100
44399 73 0 27 0 0 100
44499 66 0 34 0 0 100
44599 55 0 45 0 0 100
44699 67 0 33 0 0 100
44799 49 0 51 0 0 100
44899 49 0 51 0 0 100
44999 44 0 56 0 0 100
45099 51 0 49 0 0 100
45199 55 0 45 0 0 100
45299 51 0 49 0 0 100
45399 55 0 45 0 0 100
45499 50 0 50 0 0 100
45599 67 0 33 0 0 100
45699 50 0 50 0 0 100
45799 54 0 46 0 13 87
45899 54 0 46 0 9 91
45999 48 0 52 0 0 100
46099 52 0 48 0 0 100
46199 44 0 56 0 0 100
46299 49 0 51 0 0 100
46399 54 0 46 0 0 100
46499 55 0 45 0 0 100
46599 41 0 59 0 0 100
46699 46 0 54 0 8 92
46799 53 0 47 0 0 100
46899 52 0 48 0 11 89
46999 66 0 34 0 0 100
47099 67 0 33 0 0 100
47199 71 0 29 0 0 100
47299 74 0 26 0 0 100
47399 66 0 34 0 0 100
47499 75 0 25 0 0 100
47599 71 0 29 0 0 100
47699 76 0 24 0 0 100
47799 51 0 49 0 30 70
47899 64 0 36 0 0 100
47999 48 0 52 0 0 100
48099 53 0 47 0 0 100
48199 65 0 35 0 0 100
48299 63 0 37 0 0 100
48399 57 0 43 0 0 100
48499 52 0 48 0 0 100
48599 46 0 54 0 45 55
48699 36 0 64 0 8 92
48799 49 0 51 0 33 67
48899 59 0 41 0 36 64
48999 59 0 41 0 0 100
49099 57 0 43 0 0 100
49199 45 0 55 0 0 100
49299 49 0 51 0 0 100
49399 71 0 29 0 0 100
49499 52 0 48 0 0 100
49599 65 0 35 0 0 100
49699 65 0 35 0 0 100
49799 60 0 40 0 0 100
49899 49 0 51 0 20 80
49999 62 0 38 0 25 75
50099 51 0 49 0 0 100
50199 61 0 39 0 0 100
50299 51 0 49 0 0 100
50399 64 0 36 0 0 100
50499 56 0 44 0 0 100
50599 58 0 42 0 0 100
50699 48 0 52 0 0 100
50799 42 0 58 0 0 100
50899 24 0 76 0 4 96
50999 40 0 60 0 11 89
51099 50 0 50 0 16 84
51199 49 0 51 0 0 100
51299 56 0 44 0 0 100
51399 41 0 59 0 0 100
51499 42 0 58 0 19 81
51599 62 0 38 0 0 100
51699 53 0 47 0 22 78
51799 45 0 55 0 0 100
51899 52 0 48 0 0 100
51999 41 0 59 0 0 100
52099 58 0 42 0 0 100
52199 48 0 52 0 0 100
52299 46 0 54 0 7 93
52399 41 0 59 0 0 100
52499 39 0 61 0 0 100
52599 55 0 45 0 0 100
52699 55 0 45 0 0 100
52799 68 0 32 0 0 100
52899 63 0 37 0 0 100
52999 63 0 37 0 0 100
53099 42 0 58 0 0 100
53199 38 0 62 0 0 100
53299 55 0 45 0 0 100
53399 63 0 37 0 0 100
53499 49 0 51 0 0 100
53599 74 0 26 0 0 100
53699 72 0 28 0 0 100
53799 81 0 19 0 0 100
53899 80 0 20 0 0 100
53999 80 0 20 0 0 100
54099 75 0 25 0 0 100
54199 42 0 58 0 24 76
54299 51 0 49 0 0 100
54399 54 0 46 0 0 100
54499 50 0 50 0 0 100
54599 60 0 40 0 0 100
54699 47 0 53 0 0 100
54799 57 0 43 0 0 100
54899 61 0 39 0 0 100
54999 67 0 33 0 0 100
55099 55 0 45 0 0 100
55199 60 0 40 0 0 100
55299 54 0 46 0 0 100
55399 63 0 37 0 0 100
55499 59 0 41 0 0 100
55599 50 0 50 0 0 100
55699 52 0 48 0 0 100
55799 49 0 51 0 0 100
55899 48 0 52 0 0 100
55999 44 0 56 0 40 60
56099 40 0 60 0 0 100
56199 41 0 59 0 0 100
56299 39 0 61 0 0 100
56399 56 0 44 0 0 100
56499 32 0 68 0 0 100
56599 37 0 63 0 0 100
56699 46 0 54 0 0 100
56799 30 0 70 0 0 100
56899 36 0 64 0 0 100
56999 33 0 67 0 0 100
57099 33 0 67 0 0 100
57199 37 0 63 0 0 100
57299 48 0 52 0 0 100
57399 49 0 51 0 0 100
57499 38 0 62 0 0 100
57599 36 0 64 0 0 100
57699 41 0 59 0 7 93
57799 37 0 63 0 0 100
57899 30 0 70 0 0 100
57999 38 0 62 0 0 100
58099 34 0 66 0 0 100
58199 46 0 54 0 0 100
58299 49 0 51 0 0 100
58399 47 0 53 0 0 100
58499 37 0 63 0 0 100
58599 37 0 63 0 0 100
58699 36 0 64 0 0 100
58799 28 0 72 0 0 100
58899 58 0 42 0 0 100
58999 37 0 63 0 0 100
59099 34 0 66 0 0 100
59199 23 0 77 0 0 100
59299 38 0 62 0 0 100
59399 31 0 69 0 0 100
59499 36 0 64 0 0 100
59599 37 0 63 0 0 100
59699 31 0 69 0 0 100
59799 30 0 70 0 0 100
59899 39 0 61 0 0 100
59999 33 0 67 0 0 100
60099 53 0 47 0 0 100
60199 37 0 63 0 0 100
60299 41 0 59 0 0 100
60399 47 0 53 0 0 100
60499 44 0 56 0 0 100
60599 43 0 57 0 0 100
60699 28 0 72 0 0 100
60799 40 0 60 0 0 100
60899 28 0 72 0 0 100
60999 35 0 65 0 11 89
61099 28 0 72 0 0 100
61199 37 0 63 0 0 100
61299 39 0 61 0 0 100
61399 38 0 62 0 0 100
61499 32 0 68 0 0 100
61599 31 0 69 0 0 100
61699 30 0 70 0 0 100
61799 23 0 77 0 0 100
61899 31 0 69 0 0 100
61999 30 0 70 0 0 100
62099 23 0 77 0 0 100
62199 50 0 50 0 0 100
62299 36 0 64 0 0 100
62399 44 0 56 0 0 100
62499 48 0 52 0 0 100
62599 29 0 71 0 0 100
62699 38 0 62 0 0 100
62799 39 0 61 0 0 100
62899 35 0 65 0 0 100
62999 27 0 73 0 0 100
63099 32 0 68 0 0 100
63199 25 0 75 0 0 100
63299 19 0 81 0 0 100
63399 15 0 85 0 0 100
63499 24 0 76 0 0 100
63599 18 0 82 0 26 74
63699 17 0 83 0 4 96
63799 24 0 76 0 26 74
63899 38 0 62 0 0 100
63999 26 0 74 0 0 100
64099 19 0 81 0 0 100
64199 26 0 74 0 0 100
64299 15 0 85 0 0 100
64399 21 0 79 0 0 100
64499 22 0 78 0 0 100
64599 18 0 82 0 0 100
64699 21 0 79 0 0 100
64799 40 0 60 0 0 100
64899 31 0 69 0 0 100
64999 21 0 79 0 0 100
65099 21 0 79 0 0 100
65199 22 0 78 0 0 100
65299 26 0 74 0 0 100
65399 25 0 75 0 0 100
65499 21 0 79 0 0 100
65599 33 0 67 0 0 100
65699 42 0 58 0 0 100
65799 25 0 75 0 0 100
65899 26 0 74 0 0 100
65999 36 0 64 0 0 100
66099 26 0 74 0 0 100
66199 31 0 69 0 0 100
66299 15 0 85 0 20 80
66399 29 0 71 0 0 100
66499 26 0 74 0 0 100
66599 45 0 55 0 0 100
66699 29 0 71 0 0 100
66799 38 0 62 0 0 100
66899 30 0 70 0 0 100
66999 29 0 71 0 17 83
67099 33 0 67 0 18 82
67199 34 0 66 0 24 76
67299 25 0 75 0 0 100
67399 38 0 62 0 0 100
67499 36 0 64 0 0 100
67599 31 0 69 0 0 100
67699 29 0 71 0 0 100
67799 25 0 75 0 0 100
67899 33 0 67 0 11 89
67999 22 0 78 0 11 89
68099 44 0 56 0 0 100
68199 42 0 58 0 9 91
68299 28 0 72 0 9 91
68399 37 0 63 0 6 94
68499 37 0 63 0 0 100
68599 36 0 64 0 0 100
68699 54 0 46 0 0 100
68799 32 0 68 0 0 100
68899 30 0 70 0 0 100
68999 21 0 79 0 0 100
69099 24 0 76 0 0 100
69199 44 0 56 0 0 100
69299 38 0 62 0 0 100
69399 42 0 58 0 0 100
69499 27 0 73 0 26 74
69599 27 0 73 0 0 100
69699 26 0 74 0 0 100
69799 30 0 70 0 0 100
69899 37 0 63 0 0 100
69999 30 0 70 0 0 100
70099 37 0 63 0 0 100
70199 34 0 66 0 0 100
70299 31 0 69 0 0 100
70399 21 0 79 0 0 100
70499 21 0 79 0 0 100
70599 24 0 76 0 0 100
70699 34 0 66 0 25 75
70799 27 0 73 0 20 80
70899 32 0 68 0 25 75
70999 35 0 65 0 24 76
71099 29 0 71 0 21 79
71199 33 0 67 0 28 72
71299 35 0 65 0 20 80
71399 27 0 73 0 21 79
71499 28 0 72 0 21 79
71599 28 0 72 0 14 86
71699 23 0 77 0 25 75
71799 29 0 71 0 21 79
71899 30 0 70 0 0 100
71999 21 0 79 0 0 100
72099 18 0 82 0 0 100
72199 18 0 82 0 0 100
72299 19 0 81 0 0 100
72399 30 0 70 0 0 100
72499 15 0 85 0 0 100
72599 16 0 84 0 0 100
72699 18 0 82 0 0 100
72799 26 0 74 0 0 100
72899 22 0 78 0 0 100
72999 34 0 66 0 0 100
73099 26 0 74 0 0 100
73199 23 0 77 0 2 98
73299 26 0 74 0 0 100
73399 20 0 80 0 0 100
73499 17 0 83 0 0 100
73599 20 0 80 0 0 100
73699 16 0 84 0 0 100
73799 19 0 81 0 0 100
73899 21 0 79 0 0 100
73999 14 0 86 0 0 100
74099 35 0 65 0 0 100
74199 22 0 78 0 0 100
74299 22 0 78 0 0 100
74399 25 0 75 0 0 100
74499 19 0 81 0 0 100
74599 20 0 80 0 0 100
74699 21 0 79 0 7 93
74799 21 0 79 0 0 100
74899 25 0 75 0 0 100
74999 26 0 74 0 0 100
75099 15 0 85 0 0 100
75199 23 0 77 0 0 100
75299 10 0 90 0 0 100
75399 29 0 71 0 0 100
75499 22 0 78 0 0 100
75599 15 0 85 0 0 100
75699 9 0 91 0 0 100
75799 7 0 93 0 25 75
75899 10 0 90 0 0 100
75999 9 0 91 0 0 100
76099 8 0 92 0 20 80
76199 12 0 88 0 14 86
76299 18 0 82 0 20 80
76399 19 0 81 0 17 83
76499 18 0 82 0 0 100
76599 16 0 84 0 0 100
76699 23 0 77 0 16 84
76799 14 0 86 0 23 77
76899 18 0 82 0 0 100
76999 18 0 82 0 0 100
77099 16 0 84 0 0 100
77199 21 0 79 0 0 100
77299 19 0 81 0 0 100
77399 19 0 81 0 0 100
77499 17 0 83 0 0 100
77599 17 0 83 0 0 100
77699 16 0 84 0 0 100
77799 18 0 82 0 0 100
77899 10 0 90 0 0 100
77999 17 0 83 0 0 100
78099 17 0 83 0 0 100
78199 17 0 83 0 0 100
78299 15 0 85 0 0 100
78399 19 0 81 0 0 100
78499 26 0 74 0 0 100
78599 17 0 83 0 0 100
78699 26 0 74 0 0 100
78799 29 0 71 0 0 100
78899 15 0 85 0 0 100
78999 20 0 80 0 0 100
79099 19 0 81 0 0 100
79199 33 0 67 0 21 79
79299 11 0 89 0 17 83
79399 16 0 84 0 0 100
79499 16 0 84 0 0 100
79599 14 0 86 0 0 100
79699 7 0 93 0 0 100
79799 5 0 95 0 0 100
79899 9 0 91 0 0 100
79999 4 0 96 0 0 100
80099 12 0 88 0 0 100
80199 8 0 92 0 0 100
80299 14 0 86 0 0 100
80399 7 0 93 0 0 100
80499 7 0 93 0 0 100
80599 12 0 88 0 0 100
80699 18 0 82 0 0 100
80799 5 0 95 0 0 100
80899 13 0 87 0 0 100
80999 9 0 91 0 0 100
81099 20 0 80 0 0 100
81199 22 0 78 0 0 100
81299 17 0 83 0 17 83
81399 25 0 75 0 22 78
81499 17 0 83 0 21 79
81599 9 0 91 0 0 100
81699 14 0 86 0 0 100
81799 17 0 83 0 0 100
81899 16 0 84 0 0 100
81999 10 0 90 0 0 100
82099 7 0 93 0 0 100
82199 11 0 89 0 0 100
82299 10 0 90 0 0 100
82399 10 0 90 0 0 100
82499 8 0 92 0 0 100
82599 20 0 80 0 0 100
82699 25 0 75 0 27 73
82799 20 0 80 0 20 80
82899 18 0 82 0 18 82
82999 10 0 90 0 0 100
83099 6 0 94 0 0 100
83199 8 0 92 0 0 100
83299 7 0 93 0 25 75
83399 16 0 84 0 0 100
83499 5 0 95 0 0 100
83599 10 0 90 0 0 100
83699 12 0 88 0 0 100
83799 6 0 94 0 0 100
83899 10 0 90 0 0 100
83999 7 0 93 0 18 82
84099 8 0 92 0 0 100
84199 8 0 92 0 0 100
84299 11 0 89 0 0 100
84399 12 0 88 0 0 100
84499 21 0 79 0 0 100
84599 9 0 91 0 0 100
84699 13 0 87 0 0 100
84799 9 0 91 0 0 100
84899 18 0 82 0 7 93
84999 23 0 77 0 0 100
85099 27 0 73 0 0 100
85199 22 0 78 0 0 100
85299 11 0 89 0 0 100
85399 30 0 70 0 0 100
85499 15 0 85 0 0 100
85599 25 0 75 0 0 100
85699 37 0 63 0 5 95
85799 31 0 69 0 9 91
85899 28 0 72 0 5 95
85999 38 0 62 0 7 93
86099 37 0 63 0 0 100
86199 34 0 66 0 0 100
86299 43 0 57 0 0 100
86399 36 0 64 0 0 100
86499 32 0 68 0 0 100
86599 40 0 60 0 0 100
86699 34 0 66 0 0 100
86799 31 0 69 0 0 100
86899 40 0 60 0 0 100
86999 39 0 61 0 0 100
87099 39 0 61 0 0 100
87199 52 0 48 0 0 100
87299 49 0 51 0 0 100
87399 48 0 52 0 0 100
87499 44 0 56 0 0 100
87599 42 0 58 0 0 100
87699 39 0 61 0 0 100
87799 27 0 73 0 3 97
87899 29 0 71 0 1 99
87999 36 0 64 0 0 100
88099 21 0 79 0 0 100
88199 33 0 67 0 0 100
88299 30 0 70 0 0 100
88399 34 0 66 0 0 100
88499 23 0 77 0 0 100
88599 29 0 71 0 0 100
88699 29 0 71 0 0 100
88799 27 0 73 0 0 100
88899 18 0 82 0 0 100
88999 24 0 76 0 0 100
89099 27 0 73 0 0 100
89199 26 0 74 0 0 100
89299 20 0 80 0 0 100
89399 28 0 72 0 3 97
89499 23 0 77 0 0 100
89599 17 0 83 0 0 100
89699 22 0 78 0 0 100
89799 22 0 78 0 0 100
89899 38 0 62 0 0 100
89999 27 0 73 0 0 100
90099 33 0 67 0 0 100
90199 33 0 67 0 0 100
90299 22 0 78 0 0 100
90399 27 0 73 0 0 100
90499 27 0 73 0 0 100
90599 26 0 74 0 0 100
90699 21 0 79 0 0 100
90799 22 0 78 0 0 100
90899 32 0 68 0 0 100
90999 21 0 79 0 0 100
91099 29 0 71 0 0 100
91199 31 0 69 0 0 100
91299 19 0 81 0 0 100
91399 26 0 74 0 0 100
91499 35 0 65 0 0 100
91599 30 0 70 0 0 100
91699 32 0 68 0 0 100
91799 37 0 63 0 0 100
91899 22 0 78 0 0 100
91999 19 0 81 0 0 100
92099 10 0 90 0 0 100
92199 27 0 73 0 0 100
92299 10 0 90 0 0 100
92399 17 0 83 0 0 100
92499 18 0 82 0 0 100
92599 12 0 88 0 0 100
92699 18 0 82 0 0 100
92799 18 0 82 0 0 100
92899 15 0 85 0 0 100
92999 15 0 85 0 0 100
93099 17 0 83 0 0 100
93199 9 0 91 0 0 100
93299 13 0 87 0 0 100
93399 19 0 81 0 0 100
93499 10 0 90 0 0 100
93599 14 0 86 0 0 100
93699 11 0 89 0 0 100
93799 19 0 81 0 0 100
93899 25 0 75 0 0 100
93999 12 0 88 0 0 100
94099 14 0 86 0 0 100
94199 27 0 73 0 0 100
94299 26 0 74 0 0 100
94399 15 0 85 0 0 100
94499 21 0 79 0 0 100
94599 28 0 72 0 0 100
94699 21 0 79 0 0 100
94799 23 0 77 0 0 100
94899 22 0 78 0 0 100
94999 18 0 82 0 0 100
95099 19 0 81 0 0 100
95199 16 0 84 0 0 100
95299 6 0 94 0 0 100
95399 3 0 97 0 8 92
95499 3 0 97 0 0 100
95599 10 0 90 0 21 79
95699 5 0 95 0 17 83
95799 6 0 94 0 0 100
95899 23 0 77 0 0 100
95999 14 0 86 0 23 77
96099 11 0 89 0 0 100
96199 7 0 93 0 0 100
96299 20 0 80 0 31 69
96399 22 0 78 0 0 100
96499 16 0 84 0 0 100
96599 16 0 84 0 0 100
96699 30 0 70 0 0 100
96799 18 0 82 0 0 100
96899 23 0 77 0 0 100
96999 24 0 76 0 0 100
97099 22 0 78 0 0 100
97199 17 0 83 0 0 100
97299 29 0 71 0 0 100
97399 15 0 85 0 0 100
97499 21 0 79 0 0 100
97599 36 0 64 0 0 100
97699 31 0 69 0 0 100
97799 36 0 64 0 0 100
97899 31 0 69 0 0 100
97999 35 0 65 0 0 100
98099 19 0 81 0 0 100
98199 26 0 74 0 21 79
98299 21 0 79 0 0 100
98399 17 0 83 0 0 100
98499 16 0 84 0 24 76
98599 16 0 84 0 0 100
98699 16 0 84 0 0 100
98799 22 0 78 0 0 100
98899 24 0 76 0 0 100
98999 49 0 51 0 0 100
99099 40 0 60 0 0 100
99199 32 0 68 0 0 100
99299 27 0 73 0 0 100
99399 26 0 74 0 0 100
99499 24 0 76 0 0 100
99599 13 0 87 0 0 100
99699 33 0 67 0 0 100
99799 18 0 82 0 0 100
99899 24 0 76 0 0 100
99999 24 0 76 0 0 100
